user_id,items
134,605 379 619 394 606 391 393 609 621 618 395 620 390 608 607
125,379 619 615 394 606 391 393 609 620 621 626 395 614 610 390 608 611
147,605 619 615 606 393 620 614 609 626 618 621 607 610 611 608
137,379 605 615 619 391 606 609 626 610 621 614 390 607 620 618 395 611 608
70,379 615 391 393 394 610 614 626 395 390
150,605 619 615 379 606 393 391 621 626 610 614 609 395 608 620 390 611 618 607
75,605 379 615 619 391 606 394 393 614 626 610 620 621 395 618 611 390
130,379 615 606 619 393 391 394 609 620 626 618 614 395 390 611 608
98,379 605 615 619 391 394 393 620 621 609 390 614 626 618 610 611 395
76,605 615 619 606 379 391 393 626 610 614 620 609 607 621 618 611 608 390
